# How it works:
# Each texture definition starts with the name and a number of light "hotspots"
# An optional extra parameter can be used to specify a type in case there's
# some conflicting name dickery (e.g. a flat and a wall texture with same name)
# in which case you'd add t or f after the name
# Each hotspot can have either 6 or 8 parameters
# The parameters are x and y positions in the texture, then a rgb color, and
# a radius. If the other two parameters are given, then this hotspot is
# turned into a spotlight, and they become the inner/outer angles
# Spotlights are automatically oriented to face away from the surface
#

bigbrik3 2
16 124 90 76 11 128
48 124 90 76 11 128

bricklit 1
32 32 122 99 22 200

bronze4 2
16 124 90 76 11 128
48 124 90 76 11 128

bstone3 1
32 32 122 99 22 200

CEIL1_2 2
32 32 111 211 211 48
32 32 111 211 211 96 26 38

CEIL1_3 2
32 32 111 111 111 48
32 32 111 111 111 96 26 38

comp2 2
16 72 0 0 64 64
190 72 0 64 0 64

DEMI1_1 1
32 32 77 00 00 48

DEMI1_2 1
32 32 77 00 00 48

DEMI1_3 1
32 32 77 00 00 48

DEMI1_4 1
32 32 77 00 00 48

DEMI1_5 1
32 32 11 88 00 48

DEMI1_6 1
32 32 11 88 00 48

doorblu 3
4 20 0 0 222 30
4 64 0 0 222 30
4 108 0 0 222 30

doorblu2 1
8 58 0 00 222 80

doorred 3
4 20 211 00 0 128
4 64 211 00 0 128
4 108 211 00 0 128

doorred2 1
8 58 211 00 0 80

dooryel 3
4 20 188 188 0 30
4 64 188 188 0 30
4 108 188 188 0 30

dooryel2 3
8 20 188 188 0 30
8 64 188 188 0 30
8 108 188 188 0 30

exitdoor 2
122 18 55 55 55 66
122 54 55 55 55 66

exitsign 1
16 8 188 0 0 64

exitston 1
32 32 188 0 0 64

# fireblu1 1
# 64 64 200 22 177 244

# fireblu2 1
# 64 64 177 22 200 244

firelava 1
64 64 64 55 200 244

firelav2 1
64 64 64 55 200 244

firelav3 1
64 64 64 55 200 244

firemag1 1
64 64 64 55 200 244

firemag2 1
64 64 64 55 200 244

firemag3 1
64 64 64 55 200 244

firewall 1
64 70 64 55 200 244

firewala 1
64 70 64 55 200 244

firewalb 1
64 70 64 55 200 244

FLAT17 1
32 32 199 222 222 98

flat2 1
32 32 199 222 222 98 36 100

FLAT22 2
32 32 00 00 155 42
32 32 00 00 55 77 28 38

# FLAT14 1
# 32 32 00 09 33 88

# FLOOR1_1 1
# 32 32 00 09 33 88

FLOOR1_7 1
32 32 122 22 00 88

FLOOR1_6 1
32 32 250 00 00 64

FLOOR6_1 1
32 32 44 00 09 88

FLOOR6_2 1
32 32 44 00 09 88

lite1 1
16 16 64 160 92 72

lite2 2
16 32 99 88 77 70
48 32 99 88 77 70

lite3 2
16 32 99 122 144 144
16 96 99 122 144 144

lite4 2
8 32 99 155 177 128
8 96 99 155 177 128

lite5 2
8 32 99 122 144 111
8 96 99 122 144 111

lite96 2
16 55 122 99 66 70
48 55 122 99 66 70

liteblu1 2
4 16 0 66 222 32
4 112 0 66 222 32

liteblu2 2
8 16 0 66 222 20
8 54 0 66 222 20

liteblu3 2
8 32 0 0 250 100
8 96 0 0 250 100

liteblu4 2
8 32 0 22 211 42
8 96 0 22 211 42

litegrn1 2
16 16 44 111 44 200
16 96 44 111 44 200

litered 2
8 16 151 0 0 200
8 96 151 0 0 200

litered1 2
16 16 111 44 44 200
16 96 111 44 44 200

litered2 2
4 16 222 44 11 20
4 96 222 44 11 20

litemet 1
64 64 44 62 88 155

liteston 1
32 32 66 62 44 155

liteyel1 2
16 16 111 111 33 200
16 99 111 111 33 200

liteyel2 2
4 16 188 188 11 20
4 99 188 188 11 20

LITEYEL3 4
32 32 222 222 66 20
32 96 222 222 66 20
96 32 222 222 66 20
96 32 222 222 66 20

metal6 1
32 8 188 188 0 128

metal7 1
32 120 188 188 0 128

silver2 6
16 32 0 88 222 16
32 32 0 88 222 16
48 32 0 88 222 16
16 96 0 88 222 16
32 96 0 88 222 16
48 96 0 88 222 16

sladrip1 1
32 98 0 177 0 78

sladrip2 1
32 98 0 188 0 84

sladrip3 1
32 98 0 166 0 74

spacew2 2
20 63 255 80 0 100
47 63 255 80 0 100

spcdoor1 2
28 10 90 76 59 12
36 10 90 76 59 12

spcdoor2 2
28 10 90 76 59 12
36 10 90 76 59 12

spcdoor4 1
32 32 76 46 22 50

tekbron2 1
32 6 96 96 29 88

tekgren5 1
32 5 250 250 250 80

tekgren1 1
32 5 250 250 250 80

teklite2 1
32 64 122 99 49 175

TLITE6_5 2
32 16 250 0 0 128 12 70
32 49 250 0 0 128 12 70


TLITE6_6 2
32 16 77 122 55 128 12 24
32 49 77 122 55 128 12 24

SFALL1 3
32 32 8 122 0 192
32 96 8 122 0 192
32 160 8 122 0 192

SFALL2 3
32 32 8 122 0 192
32 96 8 122 0 192
32 160 8 122 0 192

SFALL3 3
32 32 8 122 0 192
32 96 8 122 0 192
32 160 8 122 0 192

SFALL4 3
32 32 8 122 0 192
32 96 8 122 0 192
32 160 8 122 0 192

LFALL1 3
32 32 122 122 122 192
32 96 122 122 122 192
32 160 122 122 122 192

LFALL2 3
32 32 122 122 122 192
32 96 122 122 122 192
32 160 122 122 122 192

LFALL3 3
32 32 122 122 122 192
32 96 122 122 122 192
32 160 122 122 122 192

LFALL4 3
32 32 122 122 122 192
32 96 122 122 122 192
32 160 122 122 122 192

pipewal1 1
32 62 00 211 0 30

marbface 2
39 59 250 250 250 15
85 59 250 250 250 15

bronze2 1
32 27 60 60 60 100

support2 2
12 60 250 250 250 30
52 60 250 250 250 30

tlite6_4 1
32 32 128 96 64 128 26 100

comptile 1
64 67 0 0 250 100

TLITE6_1 1
32 32 255 255 255 128 26 100

STEP1 1
16 3 144 133 111 30

startan2 1
13 49 250 0 0 64 12 70

brown1 1
12 73 76 76 76 128

#---DOOM TRIBUTE TEXTURES ---

NLIT642 4
15 64 66 66 55 72 12 24
47 64 66 66 55 72 12 24
80 64 66 66 55 72 12 24
112 64 66 66 55 72 12 24


COMLGTF 4
16 16 66 66 55 72 12 24
16 48 66 66 55 72 12 24
48 48 66 66 55 72 12 24
48 16 66 66 55 72 12 24


BLACK3 1
32 32 99 99 99 22


BLACK4 1
32 32 33 66 66 80


LITE1 1
32 32 66 66 66 80


TLITE5_1 1
32 32 66 66 66 80


TLITE5_2 4
16 16 77 66 22 72 12 24
16 48 77 66 22 72 12 24
48 48 77 66 22 72 12 24
48 16 77 66 22 72 12 24


TLITE5_3 4
16 16 66 66 66 72 12 24
16 48 66 66 66 72 12 24
48 48 66 66 66 72 12 24
48 16 66 66 66 72 12 24


COMPF03 4
16 16 44 66 66 72 12 24
16 48 44 66 66 72 12 24
48 48 44 66 66 72 12 24
48 16 44 66 66 72 12 24


BRNZGRN1 2
16 124 90 76 11 128
48 124 90 76 11 128


COMPSP04 1
32 4 90 76 11 88


COMPSP05 1
32 124 90 76 11 88


SHAWNT13 1
32 124 90 76 11 88


SHAWNT14 1
32 4 90 76 11 88


GRAYP12 1
32 124 90 76 11 88


GRAYP11 1
32 4 90 76 11 88


EXITS2A 1
16 8 99 11 11 33


METALLIT 1
32 32 77 83 77 66


TLITE_A1 4
16 16 188 0 0 72 12 24
16 48 188 0 0 72 12 24
48 16 188 0 0 72 12 24
48 48 188 0 0 72 12 24


TLITE_A2 4
16 16 88 77 66 72 12 24
16 48 88 77 66 72 12 24
48 48 88 77 66 72 12 24
48 16 88 77 66 72 12 24


TLITEVG 4
16 16 11 77 11 72 12 24
16 48 11 77 11 72 12 24
48 48 11 77 11 72 12 24
48 16 11 77 11 72 12 24


TLITEVR 4
16 16 88 11 11 72 12 24
16 48 88 11 11 72 12 24
48 48 88 11 11 72 12 24
48 16 88 11 11 72 12 24


CGFLAT39 1
32 32 66 66 11 55


CGFLAT40 1
32 32 66 66 11 55


CGFLAT41 1
32 32 66 66 11 55


CGFLAT42 1
32 32 66 66 11 55


CGFLAT43 1
32 32 66 66 11 55



#---UNFAMILIAR TRILOGY TEXTURES ---

W13_A 2
8 18 0 0 88 55
8 54 0 0 88 55

W13_AG 2
8 18 0 88 0 55
8 54 0 88 0 55

W13_AR 2
8 18 88 0 0 55
8 54 88 0 0 55

W13_AW 2
8 18 88 88 88 55
8 54 88 88 88 55

W13_AY 2
8 18 66 66 0 55
8 54 66 66 0 55






